0.025 0.025 0.5 0.0610558 0.167214 0.163227 0.241519
0.025 0.075 0.5 0.0610558 0.117214 0.163227 0.210024
0.025 0.125 0.5 0.0610558 0.0672138 0.163227 0.186785
0.025 0.175 0.5 0.0610558 0.0172138 0.163227 0.17512
0.025 0.225 0.5 0.0610558 -0.0327862 0.163227 0.17733
0.025 0.275 0.5 0.0610558 -0.0827862 0.163227 0.192936
0.025 0.325 0.5 0.0610558 -0.132786 0.163227 0.219096
0.025 0.375 0.5 0.0610558 -0.182786 0.163227 0.25255
0.025 0.425 0.5 0.0610558 -0.232786 0.163227 0.290792
0.025 0.475 0.5 0.271032 0.162552 0.0242872 0.316972
0.025 0.525 0.5 0.271032 0.112552 0.0242872 0.294476
0.025 0.575 0.5 0.271032 0.0625523 0.0242872 0.279215
0.025 0.625 0.5 0.271032 0.0125523 0.0242872 0.272407
0.025 0.675 0.5 0.271032 -0.0374477 0.0242872 0.274682
0.025 0.725 0.5 0.0447553 0.224327 0.0259954 0.23022
0.025 0.775 0.5 0.0447553 0.174327 0.0259954 0.181848
0.025 0.825 0.5 0.0447553 0.124327 0.0259954 0.13467
0.025 0.875 0.5 0.0447553 0.0743271 0.0259954 0.0905721
0.025 0.925 0.5 0.0447553 0.0243271 0.0259954 0.0571892
0.025 0.975 0.5 0.0447553 -0.0256729 0.0259954 0.0577745
0.075 0.025 0.5 0.0110558 0.167214 0.163227 0.233935
0.075 0.075 0.5 0.0110558 0.117214 0.163227 0.201257
0.075 0.125 0.5 0.0110558 0.0672138 0.163227 0.17687
0.075 0.175 0.5 0.0110558 0.0172138 0.163227 0.164504
0.075 0.225 0.5 0.0110558 -0.0327862 0.163227 0.166854
0.075 0.275 0.5 0.0110558 -0.0827862 0.163227 0.183354
0.075 0.325 0.5 0.0110558 -0.132786 0.163227 0.210707
0.075 0.375 0.5 0.0110558 -0.182786 0.163227 0.245308
0.075 0.425 0.5 0.0110558 -0.232786 0.163227 0.284525
0.075 0.475 0.5 0.221032 0.162552 0.0242872 0.275442
0.075 0.525 0.5 0.221032 0.112552 0.0242872 0.249225
0.075 0.575 0.5 0.221032 0.0625523 0.0242872 0.230993
0.075 0.625 0.5 0.221032 0.0125523 0.0242872 0.222716
0.075 0.675 0.5 0.221032 -0.0374477 0.0242872 0.225493
0.075 0.725 0.5 -0.00524472 0.224327 0.0259954 0.225889
0.075 0.775 0.5 -0.00524472 0.174327 0.0259954 0.176333
0.075 0.825 0.5 -0.00524472 0.124327 0.0259954 0.127124
0.075 0.875 0.5 -0.00524472 0.0743271 0.0259954 0.0789163
0.075 0.925 0.5 -0.00524472 0.0243271 0.0259954 0.0359871
0.075 0.975 0.5 -0.00524472 -0.0256729 0.0259954 0.0369102
0.125 0.025 0.5 -0.0389442 0.167214 0.163227 0.236897
0.125 0.075 0.5 -0.0389442 0.117214 0.163227 0.204692
0.125 0.125 0.5 -0.0389442 0.0672138 0.163227 0.180769
0.125 0.175 0.5 -0.0389442 0.0172138 0.163227 0.168689
0.125 0.225 0.5 -0.0389442 -0.0327862 0.163227 0.170981
0.125 0.275 0.5 -0.0389442 -0.0827862 0.163227 0.187118
0.125 0.325 0.5 -0.0389442 -0.132786 0.163227 0.21399
0.125 0.375 0.5 -0.0389442 -0.182786 0.163227 0.248134
0.125 0.425 0.5 0.171032 0.212552 0.0242872 0.273898
0.125 0.475 0.5 0.171032 0.162552 0.0242872 0.237202
0.125 0.525 0.5 0.171032 0.112552 0.0242872 0.206179
0.125 0.575 0.5 0.171032 0.0625523 0.0242872 0.183724
0.125 0.625 0.5 0.171032 0.0125523 0.0242872 0.173203
0.125 0.675 0.5 0.171032 -0.0374477 0.0242872 0.17676
0.125 0.725 0.5 0.171032 -0.0874477 0.0242872 0.19362
0.125 0.775 0.5 -0.0552447 0.174327 0.0259954 0.18471
0.125 0.825 0.5 -0.0552447 0.124327 0.0259954 0.13851
0.125 0.875 0.5 -0.0552447 0.0743271 0.0259954 0.0961886
0.125 0.925 0.5 -0.0552447 0.0243271 0.0259954 0.0657232
0.125 0.975 0.5 -0.0552447 -0.0256729 0.0259954 0.0662332
0.175 0.025 0.5 -0.0889442 0.167214 0.163227 0.250029
0.175 0.075 0.5 -0.0889442 0.117214 0.163227 0.219757
0.175 0.125 0.5 -0.0889442 0.0672138 0.163227 0.197666
0.175 0.175 0.5 -0.0889442 0.0172138 0.163227 0.186683
0.175 0.225 0.5 -0.0889442 -0.0327862 0.163227 0.188757
0.175 0.275 0.5 -0.0889442 -0.0827862 0.163227 0.203489
0.175 0.325 0.5 -0.0889442 -0.132786 0.163227 0.228443
0.175 0.375 0.5 -0.0889442 -0.182786 0.163227 0.260701
0.175 0.425 0.5 0.121032 0.212552 0.0242872 0.245799
0.175 0.475 0.5 0.121032 0.162552 0.0242872 0.204112
0.175 0.525 0.5 0.121032 0.112552 0.0242872 0.167052
0.175 0.575 0.5 0.121032 0.0625523 0.0242872 0.138388
0.175 0.625 0.5 0.121032 0.0125523 0.0242872 0.124081
0.175 0.675 0.5 0.121032 -0.0374477 0.0242872 0.128999
0.175 0.725 0.5 0.121032 -0.0874477 0.0242872 0.15128
0.175 0.775 0.5 0.121032 -0.137448 0.0242872 0.184744
0.175 0.825 0.5 -0.105245 0.124327 0.0259954 0.164953
0.175 0.875 0.5 -0.105245 0.0743271 0.0259954 0.131441
0.175 0.925 0.5 -0.105245 0.0243271 0.0259954 0.111104
0.175 0.975 0.5 -0.105245 -0.0256729 0.0259954 0.111406
0.225 0.025 0.5 -0.138944 0.167214 0.163227 0.271862
0.225 0.075 0.5 -0.138944 0.117214 0.163227 0.24431
0.225 0.125 0.5 -0.138944 0.0672138 0.163227 0.224647
0.225 0.175 0.5 -0.138944 0.0172138 0.163227 0.215046
0.225 0.225 0.5 -0.138944 -0.0327862 0.163227 0.216849
0.225 0.275 0.5 -0.138944 -0.0827862 0.163227 0.229787
0.225 0.325 0.5 -0.138944 -0.132786 0.163227 0.252152
0.225 0.375 0.5 0.0710316 0.262552 0.0242872 0.273073
0.225 0.425 0.5 0.0710316 0.212552 0.0242872 0.225419
0.225 0.475 0.5 0.0710316 0.162552 0.0242872 0.179049
0.225 0.525 0.5 0.0710316 0.112552 0.0242872 0.13529
0.225 0.575 0.5 0.0710316 0.0625523 0.0242872 0.0977146
0.225 0.625 0.5 0.0710316 0.0125523 0.0242872 0.0761112
0.225 0.675 0.5 0.0710316 -0.0374477 0.0242872 0.0838909
0.225 0.725 0.5 0.0710316 -0.0874477 0.0242872 0.11525
0.225 0.775 0.5 0.0710316 -0.137448 0.0242872 0.156612
0.225 0.825 0.5 -0.155245 0.124327 0.0259954 0.200584
0.225 0.875 0.5 -0.155245 0.0743271 0.0259954 0.174072
0.225 0.925 0.5 -0.155245 0.0243271 0.0259954 0.159275
0.225 0.975 0.5 -0.155245 -0.0256729 0.0259954 0.159486
0.275 0.025 0.5 -0.188944 0.167214 0.163227 0.300505
0.275 0.075 0.5 -0.188944 0.117214 0.163227 0.27583
0.275 0.125 0.5 -0.188944 0.0672138 0.163227 0.258574
0.275 0.175 0.5 -0.188944 0.0172138 0.163227 0.250278
0.275 0.225 0.5 -0.188944 -0.0327862 0.163227 0.251829
0.275 0.275 0.5 -0.188944 -0.0827862 0.163227 0.263052
0.275 0.325 0.5 -0.188944 -0.132786 0.163227 0.282799
0.275 0.375 0.5 0.0210316 0.262552 0.0242872 0.264511
0.275 0.425 0.5 0.0210316 0.212552 0.0242872 0.214967
0.275 0.475 0.5 0.0210316 0.162552 0.0242872 0.165697
0.275 0.525 0.5 0.0210316 0.112552 0.0242872 0.117048
0.275 0.575 0.5 0.0210316 0.0625523 0.0242872 0.0703206
0.275 0.625 0.5 0.0210316 0.0125523 0.0242872 0.0344928
0.275 0.675 0.5 0.0210316 -0.0374477 0.0242872 0.0493409
0.275 0.725 0.5 0.0210316 -0.0874477 0.0242872 0.0931628
0.275 0.775 0.5 0.0210316 -0.137448 0.0242872 0.141153
0.275 0.825 0.5 0.0210316 -0.187448 0.0242872 0.190181
0.275 0.875 0.5 -0.205245 0.0743271 0.0259954 0.219831
0.275 0.925 0.5 -0.205245 0.0243271 0.0259954 0.20831
0.275 0.975 0.5 -0.205245 -0.0256729 0.0259954 0.208471
0.325 0.025 0.5 -0.238944 0.167214 0.163227 0.334212
0.325 0.075 0.5 -0.238944 0.117214 0.163227 0.312212
0.325 0.125 0.5 -0.238944 0.0672138 0.163227 0.297077
0.325 0.175 0.5 -0.238944 0.0172138 0.163227 0.289886
0.325 0.225 0.5 -0.238944 -0.0327862 0.163227 0.291225
0.325 0.275 0.5 -0.238944 -0.0827862 0.163227 0.300983
0.325 0.325 0.5 0.22897 0.152397 0.128871 0.303743
0.325 0.375 0.5 -0.0289684 0.262552 0.0242872 0.26526
0.325 0.425 0.5 -0.0289684 0.212552 0.0242872 0.215888
0.325 0.475 0.5 -0.0289684 0.162552 0.0242872 0.16689
0.325 0.525 0.5 -0.0289684 0.112552 0.0242872 0.118731
0.325 0.575 0.5 -0.0289684 0.0625523 0.0242872 0.0730878
0.325 0.625 0.5 -0.0289684 0.0125523 0.0242872 0.0398321
0.325 0.675 0.5 -0.0289684 -0.0374477 0.0242872 0.0532106
0.325 0.725 0.5 -0.0289684 -0.0874477 0.0242872 0.0952688
0.325 0.775 0.5 -0.0289684 -0.137448 0.0242872 0.142551
0.325 0.825 0.5 -0.0289684 -0.187448 0.0242872 0.191222
0.325 0.875 0.5 0.187932 -0.0358878 0.11264 0.222023
0.325 0.925 0.5 0.0752286 -0.0334705 -0.216685 0.231802
0.325 0.975 0.5 0.0752286 -0.0834705 -0.216685 0.244088
0.375 0.025 0.5 -0.132113 0.112232 0.304177 0.350105
0.375 0.075 0.5 -0.132113 0.0622316 0.304177 0.337417
0.375 0.125 0.5 -0.132113 0.0122316 0.304177 0.331854
0.375 0.175 0.5 -0.288944 0.0172138 0.163227 0.332307
0.375 0.225 0.5 -0.288944 -0.0327862 0.163227 0.333477
0.375 0.275 0.5 0.17897 0.202397 0.128871 0.299337
0.375 0.325 0.5 0.17897 0.152397 0.128871 0.268072
0.375 0.375 0.5 0.17897 0.102397 0.128871 0.243152
0.375 0.425 0.5 0.17897 0.0523971 0.128871 0.226679
0.375 0.475 0.5 -0.0789684 0.162552 0.0242872 0.182343
0.375 0.525 0.5 -0.0789684 0.112552 0.0242872 0.139621
0.375 0.575 0.5 -0.0789684 0.0625523 0.0242872 0.103628
0.375 0.625 0.5 -0.0789684 0.0125523 0.0242872 0.0835669
0.375 0.675 0.5 -0.0789684 -0.0374477 0.0242872 0.0907095
0.375 0.725 0.5 -0.0789684 -0.0874477 0.0242872 0.120304
0.375 0.775 0.5 -0.0789684 -0.137448 0.0242872 0.160368
0.375 0.825 0.5 0.137932 0.0141122 0.11264 0.17864
0.375 0.875 0.5 0.137932 -0.0358878 0.11264 0.181662
0.375 0.925 0.5 0.137932 -0.0858878 0.11264 0.197711
0.375 0.975 0.5 0.137932 -0.135888 0.11264 0.224006
0.425 0.025 0.5 -0.182113 0.112232 0.304177 0.371866
0.425 0.075 0.5 -0.182113 0.0622316 0.304177 0.359947
0.425 0.125 0.5 -0.182113 0.0122316 0.304177 0.354737
0.425 0.175 0.5 0.12897 0.302397 0.128871 0.353108
0.425 0.225 0.5 0.12897 0.252397 0.128871 0.31136
0.425 0.275 0.5 0.12897 0.202397 0.128871 0.272407
0.425 0.325 0.5 0.12897 0.152397 0.128871 0.237625
0.425 0.375 0.5 0.12897 0.102397 0.128871 0.209108
0.425 0.425 0.5 0.12897 0.0523971 0.128871 0.189701
0.425 0.475 0.5 0.12897 0.00239705 0.128871 0.182337
0.425 0.525 0.5 -0.128968 0.112552 0.0242872 0.172889
0.425 0.575 0.5 -0.128968 0.0625523 0.0242872 0.145381
0.425 0.625 0.5 -0.128968 0.0125523 0.0242872 0.131834
0.425 0.675 0.5 -0.128968 -0.0374477 0.0242872 0.136474
0.425 0.725 0.5 -0.128968 -0.0874477 0.0242872 0.157702
0.425 0.775 0.5 0.0879324 0.0641122 0.11264 0.156621
0.425 0.825 0.5 0.0879324 0.0141122 0.11264 0.143593
0.425 0.875 0.5 0.0879324 -0.0358878 0.11264 0.147336
0.425 0.925 0.5 0.0879324 -0.0858878 0.11264 0.166723
0.425 0.975 0.5 0.0879324 -0.135888 0.11264 0.197194
0.475 0.025 0.5 -0.232113 0.112232 0.304177 0.398743
0.475 0.075 0.5 -0.232113 0.0622316 0.304177 0.38765
0.475 0.125 0.5 -0.232113 0.0122316 0.304177 0.382818
0.475 0.175 0.5 0.07897 0.302397 0.128871 0.338065
0.475 0.225 0.5 0.07897 0.252397 0.128871 0.294191
0.475 0.275 0.5 0.07897 0.202397 0.128871 0.252604
0.475 0.325 0.5 0.07897 0.152397 0.128871 0.214637
0.475 0.375 0.5 0.07897 0.102397 0.128871 0.182563
0.475 0.425 0.5 0.07897 0.0523971 0.128871 0.159967
0.475 0.475 0.5 0.07897 0.00239705 0.128871 0.151161
0.475 0.525 0.5 0.07897 -0.0476029 0.128871 0.158461
0.475 0.575 0.5 0.07897 -0.0976029 0.128871 0.179917
0.475 0.625 0.5 -0.178968 0.0125523 0.0242872 0.181044
0.475 0.675 0.5 -0.178968 -0.0374477 0.0242872 0.18445
0.475 0.725 0.5 0.0379324 0.114112 0.11264 0.164767
0.475 0.775 0.5 0.0379324 0.0641122 0.11264 0.135044
0.475 0.825 0.5 0.0379324 0.0141122 0.11264 0.11969
0.475 0.875 0.5 0.0379324 -0.0358878 0.11264 0.124155
0.475 0.925 0.5 0.0379324 -0.0858878 0.11264 0.14664
0.475 0.975 0.5 0.0379324 -0.135888 0.11264 0.180533
0.525 0.025 0.5 -0.282113 0.112232 0.304177 0.429776
0.525 0.075 0.5 -0.282113 0.0622316 0.304177 0.419505
0.525 0.125 0.5 0.02897 0.352397 0.128871 0.376338
0.525 0.175 0.5 0.02897 0.302397 0.128871 0.329986
0.525 0.225 0.5 0.02897 0.252397 0.128871 0.284871
0.525 0.275 0.5 0.02897 0.202397 0.128871 0.241685
0.525 0.325 0.5 0.02897 0.152397 0.128871 0.201673
0.525 0.375 0.5 0.02897 0.102397 0.128871 0.167129
0.525 0.425 0.5 0.02897 0.0523971 0.128871 0.1421
0.525 0.475 0.5 0.02897 0.00239705 0.128871 0.132109
0.525 0.525 0.5 0.02897 -0.0476029 0.128871 0.140403
0.525 0.575 0.5 0.02897 -0.0976029 0.128871 0.164236
0.525 0.625 0.5 0.02897 -0.147603 0.128871 0.198075
0.525 0.675 0.5 -0.0120676 0.164112 0.11264 0.199415
0.525 0.725 0.5 -0.0120676 0.114112 0.11264 0.160795
0.525 0.775 0.5 -0.0120676 0.0641122 0.11264 0.130168
0.525 0.825 0.5 -0.0120676 0.0141122 0.11264 0.11416
0.525 0.875 0.5 -0.0120676 -0.0358878 0.11264 0.118833
0.525 0.925 0.5 -0.0120676 -0.0858878 0.11264 0.142162
0.525 0.975 0.5 -0.0120676 -0.135888 0.11264 0.176915
0.575 0.025 0.5 -0.332113 0.112232 0.304177 0.464132
0.575 0.075 0.5 -0.02103 0.402397 0.128871 0.423052
0.575 0.125 0.5 -0.02103 0.352397 0.128871 0.375811
0.575 0.175 0.5 -0.02103 0.302397 0.128871 0.329384
0.575 0.225 0.5 -0.02103 0.252397 0.128871 0.284173
0.575 0.275 0.5 -0.02103 0.202397 0.128871 0.240862
0.575 0.325 0.5 -0.02103 0.152397 0.128871 0.200686
0.575 0.375 0.5 -0.02103 0.102397 0.128871 0.165937
0.575 0.425 0.5 -0.02103 0.0523971 0.128871 0.140696
0.575 0.475 0.5 -0.02103 0.00239705 0.128871 0.130598
0.575 0.525 0.5 -0.02103 -0.0476029 0.128871 0.138982
0.575 0.575 0.5 -0.02103 -0.0976029 0.128871 0.163022
0.575 0.625 0.5 -0.02103 -0.147603 0.128871 0.19707
0.575 0.675 0.5 -0.0620676 0.164112 0.11264 0.208502
0.575 0.725 0.5 -0.0620676 0.114112 0.11264 0.171935
0.575 0.775 0.5 -0.0620676 0.0641122 0.11264 0.143703
0.575 0.825 0.5 -0.0620676 0.0141122 0.11264 0.12938
0.575 0.875 0.5 -0.0620676 -0.0358878 0.11264 0.133522
0.575 0.925 0.5 -0.0620676 -0.0858878 0.11264 0.154651
0.575 0.975 0.5 -0.0620676 -0.135888 0.11264 0.187098
0.625 0.025 0.5 -0.07103 0.452397 0.128871 0.475727
0.625 0.075 0.5 -0.07103 0.402397 0.128871 0.428458
0.625 0.125 0.5 -0.07103 0.352397 0.128871 0.381886
0.625 0.175 0.5 -0.07103 0.302397 0.128871 0.336299
0.625 0.225 0.5 -0.07103 0.252397 0.128871 0.29216
0.625 0.275 0.5 -0.07103 0.202397 0.128871 0.250235
0.625 0.325 0.5 -0.07103 0.152397 0.128871 0.211844
0.625 0.375 0.5 -0.07103 0.102397 0.128871 0.179271
0.625 0.425 0.5 -0.07103 0.0523971 0.128871 0.1562
0.625 0.475 0.5 -0.07103 0.00239705 0.128871 0.147169
0.625 0.525 0.5 -0.07103 -0.0476029 0.128871 0.154658
0.625 0.575 0.5 -0.07103 -0.0976029 0.128871 0.176577
0.625 0.625 0.5 -0.07103 -0.147603 0.128871 0.208422
0.625 0.675 0.5 -0.112068 0.164112 0.11264 0.228429
0.625 0.725 0.5 -0.112068 0.114112 0.11264 0.195623
0.625 0.775 0.5 -0.112068 0.0641122 0.11264 0.17134
0.625 0.825 0.5 -0.112068 0.0141122 0.11264 0.159518
0.625 0.875 0.5 -0.112068 -0.0358878 0.11264 0.162895
0.625 0.925 0.5 -0.112068 -0.0858878 0.11264 0.18062
0.625 0.975 0.5 -0.112068 -0.135888 0.11264 0.209075
0.675 0.025 0.5 -0.12103 0.452397 0.128871 0.485715
0.675 0.075 0.5 -0.12103 0.402397 0.128871 0.439522
0.675 0.125 0.5 -0.12103 0.352397 0.128871 0.394258
0.675 0.175 0.5 -0.12103 0.302397 0.128871 0.350286
0.675 0.225 0.5 -0.12103 0.252397 0.128871 0.308156
0.675 0.275 0.5 -0.12103 0.202397 0.128871 0.268739
0.675 0.325 0.5 -0.12103 0.152397 0.128871 0.233411
0.675 0.375 0.5 -0.12103 0.102397 0.128871 0.204306
0.675 0.425 0.5 -0.12103 0.0523971 0.128871 0.184395
0.675 0.475 0.5 -0.12103 0.00239705 0.128871 0.17681
0.675 0.525 0.5 -0.12103 -0.0476029 0.128871 0.18309
0.675 0.575 0.5 -0.12103 -0.0976029 0.128871 0.201946
0.675 0.625 0.5 -0.12103 -0.147603 0.128871 0.23031
0.675 0.675 0.5 -0.162068 0.164112 0.11264 0.256684
0.675 0.725 0.5 -0.162068 0.114112 0.11264 0.227981
0.675 0.775 0.5 -0.162068 0.0641122 0.11264 0.207519
0.675 0.825 0.5 -0.162068 0.0141122 0.11264 0.197871
0.675 0.875 0.5 -0.162068 -0.0358878 0.11264 0.200603
0.675 0.925 0.5 -0.162068 -0.0858878 0.11264 0.215245
0.675 0.975 0.5 -0.162068 -0.135888 0.11264 0.239623
0.725 0.025 0.5 0.115188 0.369383 0.283099 0.479434
0.725 0.075 0.5 0.115188 0.319383 0.283099 0.442062
0.725 0.125 0.5 0.115188 0.269383 0.283099 0.407407
0.725 0.175 0.5 -0.17103 0.302397 0.128871 0.370544
0.725 0.225 0.5 -0.17103 0.252397 0.128871 0.331003
0.725 0.275 0.5 -0.17103 0.202397 0.128871 0.294658
0.725 0.325 0.5 -0.17103 0.152397 0.128871 0.262838
0.725 0.375 0.5 -0.17103 0.102397 0.128871 0.237369
0.725 0.425 0.5 -0.17103 0.0523971 0.128871 0.220464
0.725 0.475 0.5 -0.17103 0.00239705 0.128871 0.214161
0.725 0.525 0.5 -0.17103 -0.0476029 0.128871 0.219374
0.725 0.575 0.5 -0.17103 -0.0976029 0.128871 0.235341
0.725 0.625 0.5 -0.17103 -0.147603 0.128871 0.260088
0.725 0.675 0.5 -0.212068 0.164112 0.11264 0.290849
0.725 0.725 0.5 -0.212068 0.114112 0.11264 0.265861
0.725 0.775 0.5 -0.212068 0.0641122 0.11264 0.248537
0.725 0.825 0.5 -0.212068 0.0141122 0.11264 0.24054
0.725 0.875 0.5 -0.212068 -0.0358878 0.11264 0.242793
0.725 0.925 0.5 -0.212068 -0.0858878 0.11264 0.255024
0.725 0.975 0.5 -0.212068 -0.135888 0.11264 0.275909
0.775 0.025 0.5 0.0651877 0.369383 0.283099 0.469934
0.775 0.075 0.5 0.0651877 0.319383 0.283099 0.431741
0.775 0.125 0.5 0.0651877 0.269383 0.283099 0.396184
0.775 0.175 0.5 0.0651877 0.219383 0.283099 0.364038
0.775 0.225 0.5 0.0651877 0.169383 0.283099 0.336281
0.775 0.275 0.5 0.0651877 0.119383 0.283099 0.314081
0.775 0.325 0.5 -0.22103 0.152397 0.128871 0.297803
0.775 0.375 0.5 -0.22103 0.102397 0.128871 0.275585
0.775 0.425 0.5 -0.22103 0.0523971 0.128871 0.261166
0.775 0.475 0.5 -0.22103 0.00239705 0.128871 0.255867
0.775 0.525 0.5 -0.22103 -0.0476029 0.128871 0.260246
0.775 0.575 0.5 0.141195 0.0607117 0.217297 0.266158
0.775 0.625 0.5 0.141195 0.0107117 0.217297 0.259362
0.775 0.675 0.5 0.141195 -0.0392883 0.217297 0.262102
0.775 0.725 0.5 0.141195 -0.0892883 0.217297 0.274092
0.775 0.775 0.5 -0.262068 0.0641122 0.11264 0.292365
0.775 0.825 0.5 -0.262068 0.0141122 0.11264 0.285598
0.775 0.875 0.5 -0.262068 -0.0358878 0.11264 0.287498
0.775 0.925 0.5 -0.262068 -0.0858878 0.11264 0.297899
0.775 0.975 0.5 0.02344 -0.0633526 -0.302449 0.3099
0.825 0.025 0.5 0.0151877 0.369383 0.283099 0.465639
0.825 0.075 0.5 0.0151877 0.319383 0.283099 0.427061
0.825 0.125 0.5 0.0151877 0.269383 0.283099 0.391079
0.825 0.175 0.5 0.0151877 0.219383 0.283099 0.358476
0.825 0.225 0.5 0.0151877 0.169383 0.283099 0.330252
0.825 0.275 0.5 0.0151877 0.119383 0.283099 0.307617
0.825 0.325 0.5 0.0151877 0.0693829 0.283099 0.291873
0.825 0.375 0.5 0.0151877 0.0193829 0.283099 0.284168
0.825 0.425 0.5 0.0151877 -0.0306171 0.283099 0.285155
0.825 0.475 0.5 -0.0536423 0.051745 0.269914 0.280015
0.825 0.525 0.5 0.0911951 0.110712 0.217297 0.260368
0.825 0.575 0.5 0.0911951 0.0607117 0.217297 0.243352
0.825 0.625 0.5 0.0911951 0.0107117 0.217297 0.235901
0.825 0.675 0.5 0.0911951 -0.0392883 0.217297 0.23891
0.825 0.725 0.5 0.0911951 -0.0892883 0.217297 0.252006
0.825 0.775 0.5 0.0911951 -0.139288 0.217297 0.273744
0.825 0.825 0.5 0.0911951 -0.189288 0.217297 0.302266
0.825 0.875 0.5 -0.02656 0.0366474 -0.302449 0.305816
0.825 0.925 0.5 -0.02656 -0.0133526 -0.302449 0.303906
0.825 0.975 0.5 -0.02656 -0.0633526 -0.302449 0.310152
0.875 0.025 0.5 -0.0348123 0.369383 0.283099 0.466691
0.875 0.075 0.5 -0.0348123 0.319383 0.283099 0.428209
0.875 0.125 0.5 -0.0348123 0.269383 0.283099 0.392332
0.875 0.175 0.5 -0.0348123 0.219383 0.283099 0.359842
0.875 0.225 0.5 -0.0348123 0.169383 0.283099 0.331734
0.875 0.275 0.5 -0.0348123 0.119383 0.283099 0.309208
0.875 0.325 0.5 -0.0348123 0.0693829 0.283099 0.293549
0.875 0.375 0.5 -0.0348123 0.0193829 0.283099 0.285889
0.875 0.425 0.5 -0.0348123 -0.0306171 0.283099 0.28687
0.875 0.475 0.5 0.0411951 0.160712 0.217297 0.273392
0.875 0.525 0.5 0.0411951 0.110712 0.217297 0.24733
0.875 0.575 0.5 0.0411951 0.0607117 0.217297 0.229349
0.875 0.625 0.5 0.0411951 0.0107117 0.217297 0.221427
0.875 0.675 0.5 0.0411951 -0.0392883 0.217297 0.22463
0.875 0.725 0.5 0.0411951 -0.0892883 0.217297 0.238511
0.875 0.775 0.5 0.0411951 -0.139288 0.217297 0.261374
0.875 0.825 0.5 0.0411951 -0.189288 0.217297 0.29111
0.875 0.875 0.5 -0.07656 0.0366474 -0.302449 0.314133
0.875 0.925 0.5 -0.07656 -0.0133526 -0.302449 0.312274
0.875 0.975 0.5 -0.07656 -0.0633526 -0.302449 0.318355
0.925 0.025 0.5 -0.0848123 0.369383 0.283099 0.473056
0.925 0.075 0.5 -0.0848123 0.319383 0.283099 0.435136
0.925 0.125 0.5 -0.0848123 0.269383 0.283099 0.399882
0.925 0.175 0.5 -0.0848123 0.219383 0.283099 0.368059
0.925 0.225 0.5 -0.0848123 0.169383 0.283099 0.34063
0.925 0.275 0.5 -0.0848123 0.119383 0.283099 0.318733
0.925 0.325 0.5 -0.0848123 0.0693829 0.283099 0.303566
0.925 0.375 0.5 -0.0848123 0.0193829 0.283099 0.296165
0.925 0.425 0.5 -0.0848123 -0.0306171 0.283099 0.297112
0.925 0.475 0.5 -0.00880493 0.160712 0.217297 0.270414
0.925 0.525 0.5 -0.00880493 0.110712 0.217297 0.244034
0.925 0.575 0.5 -0.00880493 0.0607117 0.217297 0.225791
0.925 0.625 0.5 -0.00880493 0.0107117 0.217297 0.217739
0.925 0.675 0.5 -0.00880493 -0.0392883 0.217297 0.220996
0.925 0.725 0.5 -0.00880493 -0.0892883 0.217297 0.235091
0.925 0.775 0.5 -0.00880493 -0.139288 0.217297 0.258257
0.925 0.825 0.5 -0.00880493 -0.189288 0.217297 0.288315
0.925 0.875 0.5 -0.00880493 -0.239288 0.217297 0.323349
0.925 0.925 0.5 -0.12656 -0.0133526 -0.302449 0.328132
0.925 0.975 0.5 -0.12656 -0.0633526 -0.302449 0.333925
0.975 0.025 0.5 -0.134812 0.369383 0.283099 0.484524
0.975 0.075 0.5 -0.134812 0.319383 0.283099 0.447577
0.975 0.125 0.5 -0.134812 0.269383 0.283099 0.413384
0.975 0.175 0.5 -0.134812 0.219383 0.283099 0.382686
0.975 0.225 0.5 -0.134812 0.169383 0.283099 0.356385
0.975 0.275 0.5 -0.134812 0.119383 0.283099 0.335517
0.975 0.325 0.5 -0.134812 0.0693829 0.283099 0.321144
0.975 0.375 0.5 -0.134812 0.0193829 0.283099 0.314158
0.975 0.425 0.5 -0.0588049 0.210712 0.217297 0.308343
0.975 0.475 0.5 -0.0588049 0.160712 0.217297 0.276594
0.975 0.525 0.5 -0.0588049 0.110712 0.217297 0.250865
0.975 0.575 0.5 -0.0588049 0.0607117 0.217297 0.233156
0.975 0.625 0.5 -0.0588049 0.0107117 0.217297 0.225368
0.975 0.675 0.5 -0.0588049 -0.0392883 0.217297 0.228516
0.975 0.725 0.5 -0.0588049 -0.0892883 0.217297 0.242174
0.975 0.775 0.5 -0.0588049 -0.139288 0.217297 0.264721
0.975 0.825 0.5 -0.0588049 -0.189288 0.217297 0.294119
0.975 0.875 0.5 -0.0588049 -0.239288 0.217297 0.328534
0.975 0.925 0.5 -0.17656 -0.0133526 -0.302449 0.350467
0.975 0.975 0.5 -0.17656 -0.0633526 -0.302449 0.355896
